0.21813
0.26722
0.26547
0.25821
0.28172
0.29232
0.26741
0.28066
0.29971
0.25715
0.25892
0.29317
0.24139
0.28484
0.27328
0.28042
0.3073
0.30895
0.29966
0.31489
0.32562
0.2987
0.30161
0.32589
0.28116
0.26423
0.30442
0.24654
0.28667
0.26643
0.29106
0.31999
0.31022
0.31982
0.33379
0.33663
0.32869
0.32891
0.34212
0.31607
0.30056
0.32812
0.28398
0.2559
0.29584
0.23214
0.27227
0.2457
0.28624
0.31316
0.29281
0.32104
0.33466
0.32777
0.34188
0.34043
0.33911
0.3391
0.32228
0.33572
0.30997
0.28188
0.31217
0.26825
0.22421
0.26565
0.26812
0.29389
0.26407
0.30873
0.32179
0.30225
0.33291
0.3323
0.32668
0.33798
0.32132
0.32494
0.32306
0.29073
0.30873
0.28536
0.24159
0.2735
0.28013
0.29374
0.26486
0.31036
0.3114
0.29241
0.3235
0.30718
0.30157
0.31501
0.28505
0.2911
0.28741
0.2415
0.26179
0.27644
0.27332
0.24617
0.29105
0.27613
0.26081
0.29099
0.26147
0.25651
0.27305
0.22867
0.23576
