0.82599
0.86054
0.86269
0.86319
0.87722
0.89256
0.87257
0.8803
0.89565
0.86298
0.86203
0.89295
0.84406
0.88275
0.87157
0.88811
0.90649
0.90893
0.90717
0.91842
0.92145
0.90678
0.90702
0.92465
0.8928
0.87152
0.9063
0.85108
0.88624
0.86861
0.8969
0.91565
0.9108
0.92222
0.93167
0.93415
0.93268
0.93089
0.93935
0.92121
0.90715
0.92847
0.89597
0.86606
0.90684
0.83685
0.86897
0.84098
0.89373
0.90798
0.88843
0.92228
0.93287
0.92354
0.94366
0.94364
0.9365
0.94747
0.93029
0.93593
0.91477
0.89764
0.91936
0.88135
0.83147
0.87609
0.8757
0.89618
0.86369
0.91223
0.92016
0.90304
0.93605
0.93336
0.92918
0.94155
0.92901
0.9298
0.93177
0.90286
0.91386
0.90015
0.85399
0.88516
0.8887
0.89662
0.8645
0.91731
0.91885
0.89734
0.92996
0.92135
0.91197
0.92345
0.90038
0.90389
0.89805
0.85735
0.87566
0.88545
0.87521
0.85093
0.90221
0.88221
0.86838
0.90242
0.87104
0.86555
0.88947
0.84249
0.84517
